-0.00472498  -0.0014265 5.01859e-05 -0.00130696  0.026725 0.0380614  0.993003
0.000259161 0.000171393 -0.00208034 -0.00077433 0.0246651 0.0396636  0.991859
0.00528383   0.00176929 -0.000482446  0.000823567 0.0293343 0.0433257  0.987968
 0.0102611  0.00230192 0.000582818 0.000823567 0.0311195 0.0404418  0.990486
 0.0152771 0.000171393 -0.00154771 0.000823567 0.0266792 0.0398925   0.99456
 0.0202591 -0.000361239  -0.00154771  -0.00183959 0.0253975 0.0419524  0.994789
 0.0252759  -0.0014265 5.01859e-05 -0.00343749 0.0283272 0.0405791    0.9925
 0.0302641 -0.000893872  -0.00101508  -0.00183959 0.0284187 0.0379241   0.99131
 0.0352809  0.00176929  -0.0047435 0.000290935 0.0246193 0.0386107  0.993781
 0.0402608  0.000704025  -0.00208034 -0.000241698 0.0250313  0.039984  0.993095
 0.0452759  0.000704025  5.01859e-05 -0.000241698 0.0307991 0.0390227   0.99131
 0.0502558 0.000171393 0.000582818   0.0013562 0.0300209 0.0405333  0.994102
 0.0552759 0.000171393  0.00164808 -0.00077433 0.0242073 0.0435088  0.994056
 0.0602608  0.00230192 -0.00101508 0.000823567 0.0278236 0.0424559  0.989799
  0.065273   0.00123666 -0.000482446  0.000823567 0.0322182 0.0410826   0.99195
 0.0702641 -0.000893872  5.01859e-05  -0.00397012 0.0276405 0.0429595  0.997352
 0.0752771   -0.0014265 -0.000482446 -0.000241697 0.0249397 0.0419066  0.994193
 0.0802608  0.00176929 0.000582818   0.0029541 0.0299751 0.0384276  0.991126
 0.0852737   0.00496508   0.00111545 -0.000241698 0.0311195 0.0403502  0.992179
 0.0902548  0.00176929  0.00164808 -0.00183959 0.0257179 0.0430053  0.991905
 0.0952508 0.000171393  0.00271335 -0.00290486 0.0250313 0.0419524  0.993186
  0.100287  0.00336719  0.00324598 -0.00130696 0.0279152 0.0427306  0.993598
  0.105249 0.00230192 0.00271335 0.00242146 0.0284187 0.0433715  0.990943
  0.110285 -0.0014265 0.00218071  0.0013562 0.0275948 0.0405333  0.992408
  0.115249  0.00123666 0.000582818 -0.00237223 0.0250771 0.0407622  0.996894
  0.120288  0.00336719  0.00218071 -0.00183959 0.0259468 0.0445616  0.994743
   0.12525 0.000704025  0.00484388 -0.00183959 0.0287849 0.0431884  0.989387
  0.130285 -0.000893872   0.00324598  -0.00130696 0.0249397 0.0404418  0.991035
  0.135254 -0.000361239   0.00164808  0.000823567 0.0245277  0.043051  0.994651
  0.140292 0.00230192 0.00218071 0.00242146 0.0277779  0.043051  0.993415
  0.145246 0.000704025  0.00111545 0.000823567 0.0280067 0.0400298  0.991722
  0.150289 -0.000361239 -0.000482446 -0.000241698 0.0257637 0.0400756  0.996024
  0.155247 -0.000361239  5.01859e-05  0.000290935 0.0234291  0.040808   0.99726
  0.160287   -0.0014265   0.00164808 -0.000241698 0.0269997 0.0406707  0.990669
  0.165246  0.000704025   0.00164808 -0.000241698 0.0313942 0.0394347  0.990348
   0.17029 0.000171393  0.00111545 -0.00077433 0.0264961 0.0400298  0.994514
  0.175251 0.00123666 0.00271335  0.0013562 0.0233376 0.0393431  0.992317
  0.180293 0.00283455 0.00218071 0.00188883 0.0286476 0.0388854  0.989707
  0.185247  0.00283455  0.00218071 -0.00130696 0.0297463 0.0418151  0.993781
  0.190284   0.00283455   0.00218071 -0.000241698 0.0266335 0.0431884  0.995658
  0.195252 -0.000361239  0.000582818    0.0013562 0.0267708 0.0410369  0.991584
  0.200285 -0.000361239   0.00111545  -0.00077433 0.0281441 0.0398467   0.98957
  0.205244  0.00176929 0.000582818 -0.00183959 0.0275948 0.0428679  0.991538
  0.210285  0.000704025 -0.000482446  -0.00130696 0.0260384 0.0424102  0.994193
  0.215242  0.000704025  -0.00208034 -0.000241698  0.024482 0.0395262  0.995521
  0.220286  0.00336719 5.01859e-05 0.000823567 0.0275032 0.0413573  0.991905
  0.225267 0.00603035 0.00324598  0.0013562 0.0286018 0.0422728  0.988975
  0.230253  0.00443245  0.00164808 0.000823567 0.0253059 0.0385649  0.991905
  0.235272   0.00283455 -0.000482446  -0.00183959 0.0256722 0.0403502  0.995338
  0.240255   0.00389982 -0.000482446  0.000290935 0.0285561 0.0456603  0.997169
  0.245271   0.00230192 -0.000482446  0.000823567 0.0262215 0.0436461  0.996574
   0.25026 -0.000361239  -0.00208034  -0.00237223 0.0237953 0.0390685   0.99456
  0.255279  0.00230192 -0.00314561 -0.00237223 0.0295631 0.0401671   0.99282
  0.260254   0.00389982  -0.00314561 -0.000241698 0.0329506 0.0409911   0.99163
   0.26527  0.00123666 -0.00208034  0.00242146 0.0287849 0.0398925  0.993324
  0.269269 0.000704025 -0.00101508 0.000290935 0.0226509 0.0410826  0.994239
  0.274259 -0.00195914  0.00111545 -0.00290486 0.0223763 0.0403502  0.989845
   0.27928  -0.0014265 0.000582818 -0.00130696 0.0277321 0.0387023  0.985954
  0.284258 0.00230192 0.00111545 0.00242146 0.0270912 0.0397551   0.99131
  0.289272 0.00230192 0.00271335 0.00188883 0.0237038 0.0435088  0.995109
  0.294262 0.000704025  0.00164808 0.000823567 0.0270454 0.0429137  0.988471
  0.299276 -0.000893872   0.00164808  0.000290935 0.0304787 0.0389769  0.987464
  0.304258   -0.0014265 -0.000482446 -0.000241698  0.027961 0.0397094  0.992271
  0.309276 -0.000893872  -0.00154771    0.0013562 0.0261757 0.0413115  0.993141
  0.314259 0.000171393 0.000582818   0.0013562 0.0292885 0.0403044  0.992088
  0.319271  0.00123666 5.01859e-05 0.000290935 0.0306618 0.0410826  0.992179
  0.324257  0.00123666 5.01859e-05 0.000290935 0.0270454 0.0430053  0.992545
  0.329273 -0.00195914  0.00111545 -0.00077433 0.0250313 0.0394347  0.993736
  0.334284 -0.00355703  0.00111545 -0.00130696 0.0284187 0.0388396  0.994239
  0.339243 -0.000893872   0.00218071  0.000290935 0.0303871 0.0426848  0.992637
  0.344288   0.00176929   0.00218071 -0.000241698 0.0269997 0.0398925  0.992408
  0.349249  0.00176929  0.00324598 -0.00130696 0.0241615 0.0377867  0.990577
  0.354293 0.000704025  0.00271335 0.000290935 0.0261757 0.0419524  0.988105
  0.359244  0.000704025 -0.000482446    0.0013562 0.0264046  0.042639  0.990852
  0.364282 -0.000893872  5.01859e-05    0.0013562 0.0243904 0.0390685  0.993919
  0.369244  0.000171393   0.00271335 -0.000241698 0.0256722 0.0375579  0.991264
  0.374288 -0.000893872   0.00271335  -0.00130696 0.0286934 0.0400756  0.989433
  0.379246  -0.00195914   0.00164808 -0.000241698  0.031028 0.0408538  0.992133
  0.384283 0.000171393  0.00218071 -0.00077433  0.027137 0.0395262  0.997856
  0.389247 -0.000361239   0.00164808  -0.00077433 0.0210945 0.0404418  0.996986
  0.394289 0.000171393  0.00111545 0.000823567 0.0254433 0.0386565  0.988288
  0.399255   0.00336719 -0.000482446  -0.00077433 0.0307533 0.0383361  0.990074
  0.404288  0.00656298 -0.00101508 -0.00077433 0.0243446 0.0410826  0.997947
  0.409246  0.00230192 0.000582818   0.0013562 0.0217812 0.0406249  0.994514
  0.414288 -0.00195914  0.00218071  0.00242146 0.0286476 0.0404418  0.991447
  0.419242 -0.000361239  5.01859e-05   0.00401936  0.027961 0.0409453  0.994193
  0.424296  0.00283455 5.01859e-05 0.000823567 0.0239327 0.0398925  0.994926
  0.429247  0.00123666  0.00484388 0.000290935 0.0271828 0.0382903  0.994514
   0.43429 -0.000361239   0.00111545  0.000823567 0.0291054 0.0418151  0.993873
  0.439252  0.00123666 -0.00101508  0.00242146 0.0246651 0.0453398  0.994651
  0.444294 0.00123666 0.00164808 0.00401936 0.0232002 0.0395262  0.995704
  0.449247  0.00123666  0.00164808 0.000290935 0.0278694  0.037741   0.99488
  0.454287   0.00230192 -0.000482446  -0.00237223 0.0291969 0.0418608  0.993507
  0.459246 0.000704025 -0.00154771 -0.00077433 0.0265877 0.0420897   0.99575
  0.464289  0.000704025 -0.000482446   0.00242146 0.0237495 0.0396636  0.995704
  0.469247   0.00176929  5.01859e-05 -0.000241698 0.0251228 0.0394805  0.990989
  0.474287 0.000171393  0.00111545 -0.00130696 0.0270912 0.0400756  0.988929
  0.479268   0.00176929 -0.000482446  0.000290935 0.0256722 0.0392974   0.99044
  0.484264  0.00283455 -0.00154771 -0.00077433 0.0256722 0.0396636  0.993507
  0.489278  0.000171393   0.00164808 -0.000241698  0.027549 0.0410826  0.994056
  0.494262 0.000704025  0.00324598 -0.00077433 0.0288765 0.0415404  0.989616
  0.499277  0.00230192  0.00218071 -0.00237223 0.0270912 0.0403044  0.990394
  0.504259 -0.000361239  5.01859e-05  -0.00130696 0.0234749 0.0398467  0.994972
  0.509278   0.00123666 -0.000482446    0.0013562 0.0248024 0.0414489  0.992912
  0.514256  0.00283455 5.01859e-05 0.000823567 0.0307533 0.0389769  0.990806
  0.519274  0.00123666 -0.00101508 -0.00183959 0.028373 0.037329 0.994422
  0.524258 0.000171393 -0.00101508 -0.00237223 0.0253059 0.0413573  0.993415
  0.529271 -0.00195914 -0.00101508 0.000290935  0.030616 0.0403044  0.989112
  0.534257 -0.0014265 0.00111545 0.00188883 0.0302956 0.0376494  0.991172
  0.539276 -0.000893872   0.00218071  -0.00077433  0.025489 0.0406249   0.99401
  0.544263 -0.000893872   0.00218071 -0.000241698 0.0268623 0.0417693  0.992683
  0.549276 0.000171393  0.00271335 -0.00183959 0.0303871 0.0390685  0.992179
  0.554256 -0.00195914  0.00164808 -0.00130696  0.030616 0.0407622  0.993827
  0.559275 -0.00408967 0.000582818   0.0029541 0.0256264 0.0436461   0.99575
  0.564262 -0.000893872  0.000582818   0.00188883 0.0240242 0.0406249  0.993919
  0.569277   0.00283455  5.01859e-05 -0.000241698 0.0287392 0.0373748  0.990119
   0.57426  0.00230192 0.000582818 -0.00077433 0.0288765 0.0392516  0.993003
  0.579272 0.00176929 0.00271335 0.00242146 0.0240242 0.0402587  0.996848
  0.584258 0.000704025  0.00164808 0.000823567 0.0259468 0.0388854  0.995933
  0.589271 0.000704025 5.01859e-05 -0.00237223 0.0304787 0.0410826  0.991493
  0.594287 -0.000361239  5.01859e-05  -0.00077433 0.0288765 0.0431884  0.988654
   0.59925 -0.000893872  5.01859e-05   0.00242146 0.0261757 0.0406249  0.992362
  0.604284 -0.000361239  5.01859e-05   0.00188883 0.0248024 0.0405333  0.998817
  0.609248 -0.000361239  5.01859e-05  -0.00183959 0.0273201 0.0440123  0.997215
  0.614295  0.00230192  0.00218071 0.000823567 0.0291054 0.0394347  0.991218
  0.619249   0.00443245   0.00164808 -0.000241697 0.0264046 0.0360472  0.991081
  0.624287   0.00230192  5.01859e-05 -0.000241697 0.0253517 0.0412657  0.992408
  0.629241 0.000171393 0.000582818  0.00348673 0.0300209 0.0437834  0.991035
  0.634287  -0.0014265 -0.00101508  0.00242146 0.0304329 0.0432799  0.994743
  0.639242 0.000704025 5.01859e-05 -0.00130696 0.0242073 0.0423644  0.997947
  0.644285  0.00336719  0.00218071 -0.00290486 0.0234291   0.03916  0.991081
  0.649244  0.00336719 5.01859e-05 -0.00237223 0.0280983 0.0378783   0.98632
  0.654288  0.00336719 -0.00101508 -0.00183959 0.0270454 0.0424559  0.991035
  0.659249 -0.000361239  5.01859e-05  -0.00130696 0.0233833 0.0437834  0.995292
  0.664284 -0.000361239  5.01859e-05  -0.00077433 0.0264961 0.0392058  0.993827
  0.669247   0.00336719  5.01859e-05 -0.000241698 0.0309364 0.0378783  0.990669
  0.674294  0.00283455 5.01859e-05  0.00188883 0.0269081 0.0405333  0.992454
  0.679251 0.000704025 -0.00101508  0.00401936 0.0222847 0.0401671  0.993553
   0.68429  0.00230192  0.00111545 -0.00077433 0.0277321 0.0389312  0.990394
  0.689256  0.00283455  0.00271335 -0.00290486 0.0313942 0.0421355  0.991081
   0.69429  0.00283455  0.00111545 0.000290935 0.0270454  0.044287  0.992042
  0.699246 0.000171393 5.01859e-05   0.0029541 0.0247109 0.0409911  0.991538
  0.704285 -0.00249177 -0.00208034  0.00188883 0.0268166 0.0392974   0.99195
  0.709246   0.00123666  -0.00208034 -0.000241698 0.0272286 0.0400298  0.991538
  0.714293 0.00283455 0.00164808  0.0013562 0.0264961 0.0397551  0.990531
  0.719248  0.00176929 0.000582818   0.0013562 0.0281899 0.0424559   0.99163
  0.724298  0.00176929 -0.00314561 0.000823567 0.0298836 0.0451567  0.992729
  0.729239 -0.000893872  -0.00101508  -0.00077433  0.027961 0.0413573   0.99401
  0.734288  -0.0014265 5.01859e-05 0.000823567 0.0235207 0.0401213  0.993232
  0.739274 0.00123666 0.00111545 0.00188883 0.0266335 0.0432341  0.989066
  0.744258  0.00176929  0.00164808 -0.00183959 0.0329048 0.0424102  0.991401
   0.74928  0.00123666 5.01859e-05 -0.00290486 0.0275948 0.0424102  0.995887
  0.754256 -0.000361239  0.000582818  0.000823567 0.0226967 0.0420897  0.993827
  0.759275 -0.00249177  0.00164808  0.00188883 0.0277779 0.0390227  0.990806
  0.764263 -0.00195914  0.00164808 -0.00077433 0.0311195 0.0391143  0.992729
  0.769275  0.00176929  0.00164808 0.000823567 0.0278694  0.041632  0.996208
  0.774258   0.00123666 -0.000482446  0.000823567 0.0260384 0.0418151  0.994972
  0.779273 -0.00249177 -0.00101508  0.00348673   0.02938 0.0396178  0.991126
  0.784258 0.000171393 0.000582818  0.00242146 0.0291512 0.0398009  0.989707
  0.789279  0.00230192  0.00111545 0.000823567 0.0241615  0.039984  0.993141
  0.794259 -0.00195914  0.00218071 0.000823567 0.0242531 0.0388396  0.994972
  0.799275   -0.0014265   0.00218071 -0.000241698 0.0292885 0.0418151   0.99401
  0.804259  0.00443245 0.000582818  0.00242146   0.02938 0.0430968  0.995017
  0.809273 0.00230192 0.00111545  0.0013562 0.0258553 0.0409911  0.993049
  0.814257 -0.00195914  0.00324598 -0.00130696 0.0263588 0.0400298   0.98957
  0.819281 0.000171393  0.00271335 -0.00130696 0.0276863 0.0396636  0.988975
  0.823274 -0.0030244 0.00111545  0.0013562 0.0289681  0.039984  0.991172
  0.828257 -0.00781809 0.000582818  0.00242146 0.0285103 0.0424102  0.992637
   0.83323  -0.0030244  0.00111545 0.000823567 0.0255806 0.0427764  0.993278
  0.834287 -0.000893872   0.00271335  -0.00130696 0.0243904 0.0410369  0.994651
  0.838258 -0.0030244 0.00111545  0.0013562 0.0262215 0.0398467  0.994422
  0.843249  -0.0014265 -0.00261298   0.0013562 0.0305244 0.0394347  0.990531
  0.848261 -0.000361239  -0.00154771  -0.00183959 0.0308449 0.0394347  0.988975
  0.853248 -0.000361239  0.000582818  -0.00183959  0.024482 0.0390685  0.995521
  0.858285  0.00123666  0.00111545 -0.00237223 0.0241158 0.0410369  0.996208
   0.86325  0.00123666  0.00431124 -0.00290486 0.0294716 0.0423644  0.991401
  0.868285  -0.0014265  0.00271335 -0.00077433 0.0269997  0.040808  0.992317
  0.873239 -0.000361239   0.00111545  0.000823567 0.0239327 0.0393431  0.992362
  0.878292  0.00230192  0.00324598 -0.00237223 0.0264504 0.0415404  0.989753
  0.883242  0.00176929 0.000582818 -0.00237223 0.0270454 0.0415862  0.990714
  0.888292  0.00176929 -0.00208034   0.0013562 0.0248482 0.0402587  0.993415
  0.893238 0.000171393 -0.00101508  0.00188883 0.0229713  0.040808  0.994148
  0.898285 -0.00249177 5.01859e-05 0.000290935 0.0269997 0.0400756  0.992591
  0.903245   0.00176929 -0.000482446  0.000290935 0.0322182 0.0386107    0.9925
  0.908288 0.00283455 0.00164808 0.00188883 0.0280067 0.0400756  0.996848
  0.913239 0.000171393  0.00377861 0.000823567 0.0230629 0.0425017   0.99726
  0.918288  0.00283455 5.01859e-05 -0.00183959 0.0266792 0.0406707  0.993003
  0.923238   0.00230192  -0.00261298 -0.000241698 0.0291054 0.0410826  0.992591
   0.92829 -0.000361239  0.000582818  0.000823567 0.0257637 0.0426848  0.993965
  0.933246  0.00123666  0.00164808 -0.00077433 0.0247566  0.039572  0.992591
  0.938283   0.00176929 -0.000482446  -0.00237223 0.0288307 0.0380614   0.99076
  0.943243 -0.000361239  5.01859e-05  -0.00130696 0.0302956 0.0422728   0.99163
  0.948284 0.000171393  0.00111545 0.000290935 0.0266335 0.0433715  0.992042
  0.953241 -0.000361239   0.00271335  -0.00077433 0.0251228 0.0379699  0.993873
  0.958283  0.00230192 5.01857e-05 -0.00077433 0.0271828 0.0375121   0.99282
  0.963245   0.00389982  -0.00367824 -0.000241698 0.0303413 0.0399382  0.987876
  0.968287 0.000171393 -0.00261298  0.00188883  0.027961 0.0384734  0.991676
  0.973242 0.000704025 -0.00154771  0.00348673 0.0230629 0.0419066  0.995658
  0.978297 -0.000361239  0.000582818  0.000290935 0.0260384 0.0445616  0.991264
  0.983242 -0.000361239  5.01859e-05  -0.00077433 0.0285561 0.0406249  0.989066
  0.988259  0.00230192 -0.00208034   0.0013562 0.0264046 0.0388396  0.991401
  0.993275  0.00389982 -0.00101508 0.000290935 0.0258095 0.0408995  0.994651
  0.998254  0.00123666 5.01859e-05 -0.00077433 0.0289681 0.0404876  0.992957
   1.00327  0.00123666  0.00111545 -0.00183959 0.0316231 0.0382903  0.991905
   1.00826  0.00176929  0.00218071 -0.00183959 0.0288307 0.0385649  0.995613
   1.01327 0.000171393 0.000582818 -0.00077433 0.0257637 0.0394347  0.993232
   1.01826 -0.000893872  -0.00154771  -0.00077433 0.0280525 0.0402587  0.988746
   1.02327  -0.0014265 5.01859e-05 -0.00130696 0.0291512 0.0436003  0.993461
   1.02825  0.00230192  0.00271335 -0.00077433 0.0221016 0.0443328   0.99932
   1.03328  0.00283455  0.00164808 0.000290935 0.0230171 0.0398467   0.99456
   1.03826  0.00283455 5.01859e-05 0.000823567 0.0307533 0.0386565  0.991447
   1.04327 0.00123666 0.00111545 0.00188883 0.0277779 0.0426848  0.994285
   1.04826 0.000171393  0.00164808 -0.00077433 0.0257179 0.0425933  0.992637
   1.05327 -0.000361239   0.00324598  -0.00397012  0.027549 0.0398009   0.99131
   1.05826  0.00123666  0.00271335 -0.00130696 0.0263588 0.0414946  0.991081
   1.06327  0.00230192 5.01859e-05 0.000290935 0.0260384 0.0408538  0.990394
   1.06826 0.000704025  0.00111545 -0.00130696 0.0258095 0.0385192  0.993919
   1.07327 0.000171393  0.00218071 -0.00077433 0.0246193 0.0419982  0.996162
   1.07826 -0.000893872   0.00218071  0.000823567 0.0269081 0.0445616  0.993324
   1.08327 0.00123666 0.00218071 0.00242146 0.0277779 0.0399382  0.992729
   1.08826  0.00443245 5.01859e-05  0.00188883 0.0263588 0.0385192  0.993324
   1.09327  0.00336719 5.01859e-05 -0.00077433 0.0290138 0.0442412  0.991722
   1.09826  0.000171393   0.00324598 -0.000241698 0.0312111 0.0443328  0.990989
   1.10325  0.00123666  0.00218071 0.000823567 0.0273659 0.0406707  0.991996
   1.10829   0.00123666  -0.00101508 -0.000241698 0.0232002 0.0405791  0.993278
   1.11324 0.000704025 -0.00101508 0.000290935 0.0277779 0.0396636  0.992133
   1.11828 0.000704025 0.000582818   0.0029541 0.0323555  0.038748  0.990989
   1.12324   -0.0014265 -0.000482446   0.00242146 0.0260841   0.03916  0.992454
   1.12829 -0.000893872  -0.00101508  0.000823567 0.0250313 0.0403502  0.990119
   1.13324  0.00123666 5.01859e-05 0.000290935 0.030204 0.042639 0.990074
    1.1383  0.00389982  0.00111545 -0.00183959 0.0258553 0.0425475  0.996253
   1.14325  0.00336719  0.00218071 -0.00290486 0.0215065 0.0401213  0.994514
   1.14828  0.00123666  0.00164808 -0.00130696 0.0268623 0.0390227  0.989662
   1.15324 -0.000893872  0.000582818    0.0013562  0.029792 0.0390685  0.989845
   1.15828 -0.00195914 5.01859e-05 0.000290935 0.0274574 0.0385649   0.99131
   1.16324 0.000171393 -0.00208034 -0.00183959 0.0264504 0.0401213  0.992454
   1.16829  0.000704025  5.01859e-05 -0.000241698 0.0264961 0.0424559  0.993369
   1.17324 0.000704025 0.000582818 0.000823567 0.0299751 0.0411284  0.992317
   1.17829  0.00283455 0.000582818 -0.00077433 0.0297005 0.0392516  0.992088
   1.18325 0.00283455 0.00111545  0.0013562 0.0279152 0.0388854   0.99488
   1.18829  0.00283455 -0.00154771  0.00242146 0.0307991  0.040396  0.994422
   1.19324  0.00283455 -0.00101508 0.000823567 0.0307533 0.0414489  0.994285
   1.19828 -0.000893872 -0.000482446   0.00188883 0.0249397 0.0414489   0.99662
   1.20324 -0.000361239 -0.000482446   0.00455199 0.0235664 0.0412657  0.995658
   1.20829 -0.000361239  -0.00101508   0.00242146 0.0275032 0.0414489    0.9925
   1.21324 -0.000893872  -0.00101508  -0.00183959 0.0256722 0.0420439  0.992454
   1.21829 0.000704025 5.01859e-05 -0.00183959  0.023246 0.0411284  0.995887
   1.22323  -0.00195914   0.00111545 -0.000241698  0.024894 0.0414946  0.994148
   1.22829 0.000171393 0.000582818 -0.00130696 0.0280525  0.043051   0.98719
   1.23323  0.00283455 5.01859e-05 -0.00183959 0.0310738 0.0407622  0.988609
   1.23826 0.000171393 5.01859e-05 -0.00130696 0.0269081 0.0398925  0.997123
   1.24326 0.000171393 -0.00101508 -0.00077433 0.0247566 0.0405333  0.995155
   1.24826 0.000171393 -0.00154771   0.0029541 0.0298836 0.0380614  0.988975
   1.25327  0.000704025 -0.000482446    0.0013562  0.029792 0.0379699  0.991538
   1.25826 0.000171393  0.00111545 -0.00183959 0.0257637 0.0410369  0.994651
   1.26327  0.00123666  0.00164808 0.000290935 0.0275032 0.0424559   0.99195
   1.26826 0.00336719 0.00164808 0.00188883 0.0308449 0.0413115  0.990165
   1.27327   0.00123666   0.00271335 -0.000241698 0.0276405 0.0412657  0.991218
   1.27826 -0.000361239   0.00218071  -0.00130696 0.0249397 0.0406707  0.992683
   1.28327   -0.0014265   0.00164808 -0.000241698  0.027961 0.0392974  0.992637
   1.28825 -0.000361239  0.000582818  0.000290935 0.0300209 0.0405791  0.990119
   1.29327  0.00176929 5.01859e-05 -0.00183959 0.0274574 0.0422271  0.989341
   1.29826  0.00230192  0.00271335 -0.00237223   0.02407 0.0396178  0.991447
   1.30326  0.00283455  0.00271335 0.000823567 0.0257637 0.0401671  0.993736
   1.30825 0.00389982 0.00271335  0.0013562 0.0286018 0.0443328    0.9925
   1.31327 0.000704025  0.00164808 0.000823567 0.0265877 0.0425475  0.992454
   1.31825  -0.0014265 5.01859e-05 0.000823567 0.0247109 0.0380614  0.993141
   1.32326 0.000704025 0.000582818   0.0013562  0.027961 0.0383361   0.99076
   1.32826 -0.000361239 -0.000482446    0.0029541 0.0291969 0.0408995  0.991126
   1.33326 0.000704025 0.000582818 0.000290935 0.0276863 0.0382445  0.994102
   1.33826  0.00336719  0.00111545 -0.00130696 0.0250771 0.0385192  0.997398
   1.34326  0.000171393 -0.000482446   0.00242146 0.0233376 0.0432799   0.99488
   1.34826  -0.0030244 -0.00101508   0.0029541 0.0243904 0.0448821   0.99044
    1.3523 -0.00249177 -0.00154771   0.0013562 0.0274574 0.0399382  0.988014
   1.35725  -0.0014265 0.000582818 0.000290935 0.0282814  0.037329  0.992179
   1.35829  0.00123666  0.00218071 -0.00130696 0.0260384 0.0396636  0.998771
    1.3623  0.00283455  0.00164808 -0.00183959 0.0240242 0.0439666  0.998908
   1.36725 -0.000361239  0.000582818  -0.00183959 0.0258553  0.046118  0.993827
   1.36829 -0.00195914  0.00111545   0.0013562 0.0297005 0.0439666  0.988609
    1.3723 -0.000361239   0.00111545   0.00188883 0.0290138 0.0399382   0.99195
   1.37725 -0.000893872 -0.000482446 -0.000241698 0.0253059 0.0364592   0.99369
   1.38231 0.000704025  0.00111545   0.0013562 0.0236122 0.0390227  0.990852
   1.38725  0.000171393   0.00164808 -0.000241698  0.028373 0.0395262  0.990806
    1.3923  -0.0014265 -0.00261298 -0.00077433 0.0295631 0.0409453  0.994239
   1.39725 0.000171393 -0.00208034   0.0029541 0.0260841 0.0412657  0.996024
    1.4023 -0.000361239  0.000582818    0.0029541  0.025489 0.0381072  0.994743
   1.40724 0.000171393 -0.00154771 -0.00077433 0.0285561 0.0382445  0.991767
    1.4123   0.00123666 -0.000482446  -0.00183959 0.0304787 0.0406249  0.991035
   1.41725 -0.000893872  5.01859e-05  -0.00183959 0.0256264 0.0418608  0.995155
    1.4223 0.000704025 -0.00208034 -0.00183959 0.0252602 0.0403502  0.994605
   1.42725   0.00230192 -0.000482446    0.0013562 0.0300209 0.0406707  0.990669
    1.4323  0.00176929  0.00111545 0.000290935 0.0276863 0.0413115  0.991126
   1.43724  0.000704025 -0.000482446  -0.00183959 0.0251228  0.039572  0.992591
    1.4423 0.000171393 -0.00261298 0.000290935 0.0265877 0.0401671  0.993141
   1.44724 -0.000361239  -0.00154771  0.000823567 0.0278236 0.0421813  0.992454
   1.45231 -0.000893872 -0.000482446    0.0013562 0.0300667 0.0405333  0.991538
   1.45725 0.000171393  0.00111545  0.00348673 0.0285561 0.0386107  0.993873
    1.4623 -0.000361239  5.01859e-05  0.000290935 0.0252602 0.0398009  0.993186
   1.46725  0.00176929 -0.00208034 -0.00130696 0.0288765 0.0417235  0.988471
   1.47231  0.00176929 0.000582818 0.000290935 0.0320351  0.039984  0.990028
   1.47724 -0.000361239   0.00111545  -0.00183959 0.0275032 0.0381072  0.994697
   1.48231 0.000171393  0.00111545 -0.00130696 0.0265419 0.0410369  0.991126
   1.48724 0.00176929 0.00218071 0.00188883 0.0334084 0.0416777  0.986823
    1.4923 0.00123666 0.00324598  0.0029541 0.0313026 0.0430053  0.992133
   1.49728 -0.000361239   0.00271335   0.00242146 0.0239327 0.0449736  0.994148
   1.50227 -0.00249177  0.00111545  0.00348673 0.0262215 0.0436919  0.991859
   1.50728 -0.00195914 5.01859e-05 0.000290935 0.0290596  0.043463  0.993003
   1.51227  0.00230192 0.000582818 -0.00130696 0.0259468 0.0417693  0.994148
   1.51727 0.000171393 0.000582818   0.0013562  0.025901 0.0394347  0.991035
   1.52227 -0.00355703 0.000582818 0.000290935 0.0296547 0.0407164  0.988243
   1.52728  0.000171393   0.00111545 -0.000241698 0.0284645 0.0411284  0.992179
   1.53227   0.00230192 -0.000482446    0.0013562 0.0247566 0.0408538  0.995658
   1.53726  -0.00195914 -0.000482446    0.0013562 0.0263588 0.0417235  0.991676
   1.54227 -0.000361239   0.00111545  -0.00077433 0.0286934 0.0420439  0.988838
   1.54727  0.00283455  0.00218071 0.000290935 0.0264046 0.0431884  0.991218
   1.55227  0.00336719  0.00164808 0.000290935 0.0245277 0.0424559  0.995109
   1.55728 0.00123666 0.00111545  0.0013562 0.0260841 0.0406249  0.996574
   1.56228 0.000171393 0.000582818 0.000823567 0.0285103 0.0417235  0.993049
   1.56727  0.00230192 5.01859e-05 -0.00077433 0.028373 0.040396 0.989616
   1.57228   0.00443245  0.000582818 -0.000241698 0.0260384 0.0375579  0.990119
   1.57728  0.00496508 0.000582818 -0.00237223 0.0262672 0.0398009  0.991264
   1.58228 0.000704025  0.00111545 -0.00290486 0.0286934 0.0406249  0.989845
   1.58727  -0.0030244  0.00218071 -0.00183959 0.0273659 0.0392058  0.992271
   1.59228 0.000171393  0.00111545 -0.00183959 0.0242073 0.0401213  0.993324
   1.59728  0.00230192 -0.00101508   0.0013562 0.0285561 0.0392974  0.987327
   1.60229 0.000704025 -0.00101508  0.00561726 0.0330879  0.037741  0.987464
   1.60725   0.00176929 -0.000482446  0.000823567 0.0279152 0.0414489  0.993415
    1.6123  0.000704025 -0.000482446  -0.00290486 0.0236122 0.0431426  0.994148
   1.61725  -0.0014265 0.000582818 0.000290935 0.0269539 0.0389769  0.990852
    1.6223 0.000171393 0.000582818   0.0029541 0.0281441  0.038748  0.991355
   1.62725  0.00443245 -0.00208034 0.000290935 0.0256264 0.0417693  0.994377
    1.6323  0.00230192 -0.00154771 -0.00237223  0.025901 0.0407622  0.993003
   1.63724 -0.000893872   0.00111545  -0.00343749 0.0282356 0.0403502  0.990486
   1.64231  0.000704025   0.00164808 -0.000241697 0.0280983 0.0405791  0.993644
   1.64725  0.00283455 0.000582818   0.0029541 0.0254433 0.0396636  0.996894
    1.6523  0.00230192 -0.00101508 -0.00077433 0.0257179 0.0398009  0.994148
   1.65724 0.000704025 -0.00208034 -0.00130696 0.0283272 0.0425017    0.9925
    1.6623  0.00283455 -0.00154771   0.0013562  0.028373 0.0426848  0.992683
   1.66725  0.00283455 -0.00208034 0.000290935 0.0280067 0.0373748  0.992317
   1.67231  0.00176929 -0.00154771   0.0013562  0.029792 0.0383361  0.992912
   1.67725  0.00123666 5.01859e-05  0.00242146  0.029792 0.0433715  0.992317
    1.6823   0.00123666 -0.000482446 -0.000241698 0.0282356  0.042639  0.991081
   1.68725  0.00123666  0.00218071 0.000290935 0.0258095 0.0401213  0.993598
    1.6923 0.000704025  0.00271335   0.0013562 0.0248482 0.0421813  0.991767
   1.69725   0.00230192  0.000582818 -0.000241698 0.0293343 0.0434172  0.985954
   1.70231 0.000704025  0.00164808 -0.00077433 0.0309364  0.039572  0.990989
   1.70725 -0.00195914  0.00271335 -0.00450276  0.025489 0.0386107  0.997352
    1.7123 0.000704025 5.01859e-05 -0.00556802 0.0251228 0.0394347  0.991035
   1.71725  0.00283455  0.00164808 0.000290935 0.0305244 0.0368254  0.986778
   1.72228 0.00336719 0.00431124  0.0013562 0.0294716 0.0387023  0.992454
   1.72728  0.00443245 5.01859e-05  0.00188883 0.0229713 0.0425933   0.99662
   1.73227   0.00176929 -0.000482446  0.000290935 0.0251686 0.0391143  0.996894
   1.73728  -0.0014265  0.00271335 -0.00397012 0.0308449 0.0365966  0.994789
   1.74227 -0.000893872   0.00164808  -0.00290486 0.0265419 0.0389769  0.992637
   1.74728   0.00176929 -0.000482446  -0.00183959 0.0221016 0.0392058  0.992225
   1.75227   0.00496508  0.000582818 -0.000241698 0.0257179  0.040396  0.991767
   1.75727  0.00336719  0.00164808 0.000823567  0.029792 0.0418151  0.993049
   1.76227  0.00176929  0.00164808 -0.00130696 0.0275948 0.0402587  0.994148
   1.76727  0.00283455 0.000582818 -0.00130696 0.0261757 0.0386565  0.992133
   1.77228   0.00283455 -0.000482446   0.00188883 0.0292885  0.040396   0.99195
   1.77727   0.00283455 -0.000482446   0.00348673 0.0283272 0.0433257  0.992774
   1.78227 0.000171393 0.000582818   0.0013562 0.0259926 0.0416777   0.99195
   1.78728 -0.000893872   0.00164808  -0.00077433 0.0273201 0.0383818  0.992179
   1.79227   0.00176929   0.00111545 -0.000241698 0.0268166  0.038748  0.992545
   1.79728   0.00283455 -0.000482446    0.0013562 0.0286934 0.0406249  0.991905
   1.80227  0.00230192 5.01859e-05  0.00188883 0.0294258 0.0415862  0.992042
   1.80728   0.00123666   0.00218071 -0.000241698 0.0252144 0.0414489  0.994377
   1.81227 -0.000361239   0.00111545  -0.00343749 0.0281899 0.0412657  0.991676
   1.81728 -0.000361239 -0.000482446  -0.00077433 0.0316689 0.0410369  0.988563
    1.8223 0.000171393 5.01859e-05   0.0029541 0.0258553 0.0405791  0.994422
   1.82725   0.00123666  0.000582818 -0.000241697 0.0228798 0.0411284  0.995155
    1.8323  0.000704025 -0.000482446  -0.00237223  0.028373 0.0413573  0.990302
   1.83724 -0.000361239 -0.000482446  -0.00183959  0.027961 0.0403502  0.988746
   1.84231  -0.0014265 5.01859e-05 0.000823567 0.0212318 0.0390685  0.990669
   1.84725 -0.00249177 -0.00261298  0.00348673 0.0218727 0.0403502  0.993415
   1.85231 -0.000361239  -0.00101508  0.000823567 0.0298836 0.0416777  0.991859
   1.85725  0.00123666  0.00164808 -0.00290486 0.0312111 0.0412657   0.98957
    1.8623  0.00283455  0.00111545 -0.00130696 0.0251228 0.0411742    0.9925
   1.86725 0.00230192 0.00111545 0.00188883 0.0250313  0.040808  0.993873
    1.8723 0.000704025 5.01859e-05   0.0013562 0.0307533 0.0403044  0.991905
   1.87724  0.00230192 0.000582818   0.0013562 0.0308449 0.0401671  0.995475
    1.8823  0.00123666  0.00218071 -0.00077433 0.0254433 0.0382903  0.996345
   1.88725  0.00283455  0.00111545 -0.00183959 0.0270912 0.0372374  0.991264
   1.89231  0.00389982 -0.00101508 0.000823567 0.0309364 0.0397551  0.991126
   1.89725   0.00123666  0.000582818 -0.000241698 0.0294258 0.0433257  0.992912
    1.9023 -0.000361239   0.00324598  0.000290935 0.0262215 0.0417693  0.992774
   1.90628 -0.0014265 0.00377861 0.00348673 0.0245735 0.0384734  0.993186
   1.91125  0.000704025   0.00111545 -0.000241697 0.0255348 0.0375579  0.992912
   1.91231  0.00443245 -0.00101508 -0.00290486 0.0269539 0.0390227  0.990577
   1.91629   0.00603035 -0.000482446  -0.00183959 0.0262672 0.0408538  0.992042
   1.92125   0.00443245  -0.00154771 -0.000241698 0.0251228 0.0403044  0.995567
   1.92231  0.00230192 -0.00101508  0.00188883 0.0241158 0.0400756   0.99607
   1.92629  0.00176929  0.00111545 0.000290935 0.025489 0.042639 0.990989
   1.93124 0.000704025  0.00111545 0.000290935  0.02938 0.043051 0.986183
   1.93629 -0.00195914  0.00111545  0.00188883 0.0281899 0.0386565  0.989982
   1.94124  -0.0014265 0.000582818 -0.00130696 0.0241158 0.0380156  0.993965
   1.94629 0.000704025 -0.00101508 -0.00237223 0.0264046 0.0410826  0.992179
   1.95125  0.00176929 5.01859e-05 -0.00183959 0.0308449 0.0406707  0.989478
   1.95629  0.00389982  0.00218071 -0.00397012 0.0277779 0.0393431  0.992317
   1.96124 0.000704025  0.00271335 -0.00290486 0.0239784 0.0402587  0.993324
   1.96627 0.000171393  0.00111545 -0.00130696 0.0282814 0.0398009  0.989707
   1.97127  0.00176929 -0.00101508 0.000290935 0.0342781 0.0388854  0.988654
   1.97626 0.000704025 5.01859e-05 0.000290935 0.0296089 0.0421813  0.993186
   1.98127   0.00123666  0.000582818 -0.000241698 0.0219643  0.044287  0.993919
   1.98626 0.000171393  0.00218071  0.00188883 0.0277321 0.0393889  0.988838
   1.99128 0.000704025  0.00271335 0.000823567 0.0326302 0.0393889  0.992729
   1.99626  0.00176929  0.00111545 0.000290935 0.0250313 0.0437834  0.997123
   2.00127  -0.0030244  0.00271335 -0.00077433 0.0212318 0.0423644  0.991538
   2.00625 -0.00195914  0.00324598 -0.00077433 0.0256722 0.0402129  0.990714
   2.01128  0.000704025   0.00218071 -0.000241698 0.0268166 0.0418608  0.993095
   2.01625 -0.00195914 0.000582818 -0.00183959 0.0252144 0.0421813  0.992271
   2.02127 -0.000893872  0.000582818    0.0013562 0.0275948 0.0393431  0.994926
   2.02626   0.00176929   0.00271335 -0.000241697 0.0300667 0.0400298  0.994239
   2.03127  0.000704025   0.00271335 -0.000241697 0.0291969 0.0425933   0.99195
   2.03626 -0.000361239  0.000582818  0.000290935 0.0249397 0.0398467  0.994102
   2.04128   0.00176929 -0.000482446  -0.00183959 0.0217812 0.0400756  0.994331
   2.04625   0.00496508 -0.000482446  0.000290935 0.0268166 0.0456603  0.990898
   2.05127  0.000171393  0.000582818 -0.000241698 0.0306618 0.0445616  0.989204
   2.05626  -0.00408967   0.00271335 -0.000241698 0.0291054 0.0402587  0.992957
   2.06128  0.00123666  0.00164808 -0.00130696 0.0287849 0.0419524  0.993003
   2.06626  0.00176929 -0.00154771 -0.00183959 0.0294716 0.0424102   0.99044
   2.07127 -0.000361239  -0.00154771   0.00242146 0.0308449 0.0405791  0.993232
   2.07628  0.000171393  -0.00101508 -0.000241697 0.0281899 0.0398925  0.995567
   2.08125 0.000171393 -0.00101508 -0.00450276 0.0239327 0.0390685  0.991538
   2.08628   0.00123666 -0.000482446 -0.000241698 0.027549 0.039984 0.988471
   2.09125   0.00230192 -0.000482446   0.00188883 0.0303413 0.0417693  0.993415
   2.09628  0.00176929 0.000582818  0.00348673 0.0238411 0.0422728  0.996436
   2.10124 0.000171393  0.00111545  0.00242146 0.0241158  0.041632  0.990577
   2.10628 -0.000361239 -0.000482446  -0.00237223 0.0308907 0.0385649  0.987144
   2.11125  0.00123666 -0.00154771 -0.00077433 0.0271828 0.0387938  0.991264
   2.11628  0.00176929 -0.00208034  0.00188883 0.0223763 0.0407164  0.994148
   2.12124 0.000704025 -0.00154771  0.00188883 0.0264046 0.0390227  0.994651
   2.12629  0.00123666 5.01859e-05 0.000823567 0.0288765 0.0387023  0.993415
   2.13125  0.00283455 5.01859e-05 -0.00343749 0.0259468 0.0390685  0.991584
   2.13629 0.000171393 0.000582818 -0.00503539 0.0251686 0.0375121  0.992408
   2.14125 -0.000361239  5.01859e-05  -0.00077433 0.0269997 0.0390685  0.993232
   2.14628 -0.000893872  -0.00154771   0.00188883  0.027549 0.0446074  0.991676
   2.15124 -0.000893872 -0.000482446  -0.00077433 0.0269997 0.0431884  0.991264
   2.15628  0.00123666 0.000582818 -0.00130696 0.0269539 0.0378325  0.992912
   2.16125  0.00123666 5.01859e-05   0.0013562 0.0280067 0.0386107  0.991996
   2.16629 -0.000893872  5.01859e-05   0.00188883 0.0307533 0.0410369  0.990943
   2.17124  -0.0014265 -0.00101508   0.0013562 0.0293343 0.0408538  0.992912
   2.17629 -0.000893872  5.01859e-05  -0.00130696 0.0263588 0.0384734  0.993919
   2.18125 0.000171393  0.00218071 -0.00290486 0.0278236 0.0391143  0.990394
   2.18629  0.00123666  0.00164808 0.000290935 0.0291054 0.0410369  0.987144
   2.19125  0.00123666 5.01859e-05 0.000823567 0.0281899  0.039572  0.991905
   2.19629  0.00389982 5.01859e-05 -0.00077433 0.0234749 0.0413115  0.996162
   2.20124 0.000704025  0.00218071 0.000290935 0.0244362 0.0442412  0.991035
   2.20628 -0.000893872   0.00164808  0.000290935 0.0310738 0.0417235  0.989341
   2.21125   0.00176929  5.01859e-05 -0.000241698 0.0288765 0.0400298  0.994331
   2.21628  0.00230192 5.01859e-05 -0.00130696 0.0231087 0.0421355  0.992912
   2.22127  0.00389982 0.000582818 -0.00130696 0.0274117 0.0420897  0.989753
   2.22625   0.00123666 -0.000482446  -0.00077433 0.0329506 0.0419982  0.991493
   2.23127 0.000171393 0.000582818 -0.00290486 0.0275948 0.0425475  0.993781
   2.23625  0.00283455  0.00111545 -0.00130696 0.0236122 0.0404876  0.992637
   2.24128   0.00283455  5.01859e-05 -0.000241698 0.0263588 0.0382445  0.990119
   2.24625  0.00230192 0.000582818 0.000823567 0.0280067 0.0402587  0.990806
   2.25127 0.000171393 0.000582818   0.0013562 0.0266792 0.0393889  0.992454
   2.25626 -0.000893872   0.00218071  -0.00077433 0.0249397 0.0372832  0.992088
   2.26127  0.00176929  0.00111545 0.000290935  0.025901 0.0423644  0.990302
   2.26625  0.00336719 0.000582818   0.0013562 0.0269539 0.0445616  0.990623
   2.27127  0.00283455  0.00218071 0.000823567 0.0245277 0.0415404  0.994148
   2.27625  0.000704025   0.00218071 -0.000241698 0.0253975  0.040396  0.993827
   2.28127  0.00176929  0.00271335 -0.00130696 0.0299294 0.0412657  0.990028
   2.28625 -0.000361239   0.00218071  -0.00077433 0.0275032 0.0422728  0.992362
   2.29127   -0.0046223 -0.000482446   0.00188883 0.0248482 0.0407164  0.996253
