           0.0998359 0.000730157 -0.00587754 -0.00298593  3.75466e-06 -7.58254e-06 -2.20251e-05  0.000141102  0.000124816 -0.000252139 0.000698928 0.000643982 9.72503e-05 0 0 0 -0.271161 -0.402602  -9.79798 0
            0.199669  0.00311224  0.00170617 -0.00377444 -1.52476e-05  5.00116e-05 -3.13723e-05 -0.000452003  0.000742477  0.000191882 0.000698928 0.000643982 9.72503e-05 0 0 0 -0.271161 -0.402602  -9.79798 6335
            0.199673  0.00311224  0.00170617 -0.00377444 -1.52476e-05  5.00116e-05 -3.13723e-05 -0.000452003  0.000742477  0.000191882 0.000698928 0.000643982 9.72503e-05 0 0 0 -0.271161 -0.402602  -9.79798 0
            0.299485  0.00917848 -0.00229734 -0.00533918 -8.99739e-05  0.000138223 -1.10779e-05 -0.00125258 0.000984129 -9.5067e-05 0.000698928 0.000643982 9.72503e-05 0 0 0 -0.271161 -0.402602  -9.79798 6312
            0.300308  0.00745442 -0.00150006 -0.00377336 -0.000283822  0.000123836  7.66669e-05  -0.00129079   0.00105518 -7.18456e-05 0.000708035 0.000627979 9.10037e-05 7.44816e-06 9.56805e-07 -3.3483e-06 -0.271168 -0.402603  -9.79798 0
            0.398461  0.00178224  0.00194823 -0.00458161 -0.000402263  0.000203347  3.19574e-05  -0.00183627  0.000494728 -0.000276568 0.000708035 0.000627979 9.10037e-05 7.44816e-06 9.56805e-07 -3.3483e-06 -0.271168 -0.402603  -9.79798 6253
            0.400162  0.00540959  0.00226926 -0.00433463 5.72567e-05 4.70857e-05  4.0466e-05   0.00300851  -0.00120175 -0.000206895 0.000852537  0.00137308 4.30189e-05 -0.000962352   0.00034149 -3.10929e-05 -0.270199 -0.402943  -9.79795 0
            0.497366  0.00846794 -0.00280534 -0.00116258  0.000305183 -9.58504e-05  7.84515e-05  0.00208515 -0.00175303  0.00070079 0.000852537  0.00137308 4.30189e-05 -0.000962352   0.00034149 -3.10929e-05 -0.270199 -0.402943  -9.79795 6228
            0.499991   0.0038024 -0.00106781   -0.003933  1.69229e-05 -1.87431e-05  3.77603e-05 -0.000232709  -0.00103667  8.22301e-05 0.000988764  0.00125169 0.000126019 0.000321754 -0.00019048 0.000646791 -0.271483 -0.402411  -9.79863 0
            0.596251 -0.00058444  -0.0038155 -0.00565738 -1.58366e-05 -0.000155226   3.6569e-05 -0.000291807  -0.00173469   0.00016371 0.000988764  0.00125169 0.000126019 0.000321754 -0.00019048 0.000646791 -0.271483 -0.402411  -9.79863 6318
            0.599849   0.00350482 -1.37649e-05  -0.00362571 -0.000175006  3.38805e-05  2.06687e-05  -0.00147076   0.00025371 -0.000252317  0.00111592  0.00119512 5.83055e-05  0.00129935 -0.00253314 0.000953292  -0.27246 -0.400068  -9.79894 0
            0.699683 -0.0169723 -0.0341487 -0.0286641 -0.00211446  0.00100257 0.000642214 -0.0172269 0.00918527 0.00590456  0.00238207  0.00299421 0.000560131   0.0134302  -0.0109531 -0.00426515  -0.28459 -0.391648  -9.79372 6275
            0.699685 0.000150855 -0.00302914 -0.00662867  -0.00133711   0.00053235 -0.000154851  -0.0107348  0.00486869 -0.00276873  0.00163458  0.00175052 8.32028e-05  0.00820151 -0.00664198  0.00269025 -0.279362 -0.395959  -9.80067 0
            0.799528 -0.0571528 -0.0476948 -0.0415501  -0.00184184   0.00170585 -7.14874e-06 -0.00650748    0.012729  0.00158317  0.00292001  0.00224248 0.000883368   0.00390998   -0.0113669 -0.000736765  -0.27507 -0.391235  -9.79725 6442
            0.800329 -0.00883155   -0.013469  -0.0146009  -0.00162926  0.000972338 -0.000370323 -0.00480206  0.00534843 -0.00212168  0.00154608  0.00137243 0.000352899  0.00267311 -0.00565041  0.00180268 -0.273834 -0.396951  -9.79979 0
            0.900174 0.00749038 -0.0279399 -0.0254845  -0.0024613   0.0015882 -0.00037072  -0.00896913   0.00649193 -0.000230145  0.00107373  0.00172927 0.000498309  0.00429724 -0.00568275 0.000267817 -0.275458 -0.396918  -9.79825 6377
            0.900176 -0.000204478  -0.00520397  -0.00600664 -0.00172646 0.000418266 8.95895e-05 -0.00296825 -0.00477322   0.0051299 0.000592183  0.00101875 0.000164184 0.000626164  0.00224514 -0.00292448 -0.271792 -0.404844  -9.79505 0
             1.00001 0.00955836 -0.0351931  -0.024243  -0.00299856 -8.73708e-05   0.00026248  -0.0127869 -0.00594989 0.000887063 0.000492045  0.00171615 0.000450912  0.00546293  0.00243954 -0.00034626 -0.276627 -0.405038  -9.79763 6391
             1.00001  0.00800108 -0.00860869 -0.00742586 -0.00231298 0.000731768 0.000358509 -0.00540377  0.00281344  0.00204677 0.000906381  0.00103191   0.0001705   0.00167977  -0.00290855 -0.000980357 -0.272842 -0.399692    -9.797 0
             1.09986 -0.0340206 -0.0251764 -0.0240819 -0.00354476  0.00105615 0.000591169 -0.0123483  0.0035412 0.00228327  0.00153207  0.00146335 0.000365209  0.00455638 -0.00280076 -0.00085726 -0.275718 -0.399799  -9.79713 6400
             1.09986 -0.00987572 -0.00639934  -0.0155444 -0.00248971  0.00103403 0.000122958 -0.00284801  0.00396013 -0.00268029  0.00120352 0.000916903 0.000246078 5.11445e-05 -0.00309126  0.00155329 -0.271212 -0.399509  -9.79953 0
              1.1989  0.0020082 -0.0303068 -0.0294709  -0.00262186   0.00154111 -0.000377377 -0.00134443  0.00528232   -0.005345   0.0010684  0.00117756 0.000444227 -0.000582064  -0.00358162   0.00243598 -0.270579 -0.399019  -9.80042 6274
              1.1997  0.00490854 -0.00890816  -0.0110144  -0.0019518 0.000881589 0.000244846  0.00439749 -0.00111949  0.00172913 0.000835704 0.000744537 0.000197156  -0.00305436 -0.000441911   -0.0006723 -0.268109 -0.402159  -9.79731 0
             1.29768 -0.0195062 -0.0437663 -0.0347222 -0.00113145 0.000886324 0.000498527  0.00856291 0.000254295  0.00242536  0.00112187  0.00111657 0.000504508  -0.00473368 -0.000966578  -0.00103471  -0.26643 -0.401635  -9.79695 6309
             1.30033 -0.00999478 -0.00579449  -0.0140397 -0.00133135 0.000851611 0.000380294   0.00656577 -0.000204359  0.000926779 0.000707413 -0.00236622  -0.0014223   -0.0039817 -0.000772626 -0.000431118 -0.267182 -0.401829  -9.79755 0
             1.40018  0.0048928 -0.0225997 -0.0145488 -0.00149751  0.00109408 0.000610399 -0.000736468   0.00210089   0.00240526 0.000568701 -0.00180222 -0.00126027   -0.0012507  -0.00175756 -0.000896009 -0.269912 -0.400843  -9.79709 6310
             1.40019  0.00517108 -0.00993805   -0.011203  -0.0015257  0.00076619 0.000147459 -0.00110418 -0.00105168 -0.00258218 0.000495019 -0.00194126 -0.00132364  -0.00108903 -0.000428979   0.00102488 -0.270074 -0.402172  -9.79901 0
             1.50002 0.00283874 -0.0318611 -0.0387361 -0.00233269  0.00141952 -0.00034857 -0.00665974  0.00636592 -0.00624272  0.000660181  -0.00147374 -0.000925431  0.00116653 -0.00346373  0.00204707 -0.272329 -0.399137  -9.80003 6346
             1.50003  0.00476243 -0.00833927  -0.0132702 -0.00215308 0.000980574 0.000402931 -0.00483564  0.00194916  0.00248245 0.000560902 -0.00175245 -0.00120341 0.000564041 -0.00173572 -0.00110445 -0.271726 -0.400864  -9.79688 0
             1.59951 -0.0341664 -0.0281617  -0.043513 -0.00179939 0.000987426 0.000893622 0.00236497 0.00061513 0.00533263  0.000923727  -0.00146836 -0.000801292  -0.00215011 -0.000919908   -0.0021683 -0.269012 -0.401681  -9.79581 6245
             1.59986 -0.00382181 -0.00461404  -0.0140767 -0.00192014  0.00102089 0.000535846  0.00125459 0.000770773  0.00118374  0.00062083 -0.00171474 -0.00111675  -0.00173491  -0.00105405 -0.000805905 -0.269427 -0.401546  -9.79718 0
             1.69852 -0.0108678 -0.0368565 -0.0245587 -0.00154573  0.00109699 0.000280861   0.0033759  0.00109415 -0.00286694  0.000735522  -0.00131778 -0.000917999 -0.00237911 -0.00110582 0.000394446 -0.268784 -0.401494  -9.79838 6257
             1.69967 -0.000791429   -0.0144719   -0.0149585 -0.00180351  0.00105872 6.67151e-05  0.00109892 0.000603517 -0.00530447 0.000633033 -0.00152434 -0.00101615  -0.00163312 -0.000969615   0.00114511 -0.26953 -0.40163 -9.79913 0
             1.79747  -0.026437 -0.0360034   -0.04189 -0.000555135   0.00177839 -0.000689219    0.012013  0.00741042 -0.00779897   0.00101908   -0.0012777 -0.000735089 -0.00486103  -0.0032803  0.00177925 -0.266301 -0.399322  -9.79976 6316
              1.8003 -0.00584376  -0.0159925  -0.0264923 -0.00180761  0.00164547 -0.00021387 0.000403591   0.0054769  -0.0027652  0.000806639  -0.00135786 -0.000887388 -0.00145591 -0.00273709 0.000310157 -0.269706 -0.399863  -9.79829 0
             1.89644  0.0168551 -0.0331117 -0.0238723  -0.00225751   0.00204605 -0.000645927  -0.0047088  0.00374752 -0.00498547 0.000592254 -0.00106835 -0.00087384 -0.000157493  -0.00221075  0.000781675 -0.271005 -0.400388  -9.79876 6274
             1.90014 -0.00591626  -0.0115699  -0.0164341 -0.00200687   0.0011331  5.3903e-05 -0.00255358 -0.00554847  0.00341973  0.00119704 -0.00212891 -0.00121886 -0.000766949  0.000556551  -0.00154065 -0.270402 -0.403154  -9.79644 0
             1.99998 -0.0463473 -0.0223176 -0.0406454 -0.000838279  0.000910811  0.000701286   0.0114052 -0.00170026  0.00687652   0.0015944 -0.00202285 -0.00093685  -0.00453487 -0.000594395  -0.00270678 -0.266633 -0.402008  -9.79527 6432
             1.99998 -0.0189703 -0.0129838 -0.0260174  -0.0014979  0.00156194 4.91251e-05   0.00554314   0.00445479 -0.000890423  0.00147872 -0.00203303 -0.00105534  -0.00292604  -0.00244195 -0.000579474 -0.268237 -0.400161   -9.7974 0
             2.09981 0.00957573 -0.0375734 -0.0317548  -0.00101169   0.00262478 -0.000214496  0.00550088   0.0110542 -0.00302953   0.00126886   -0.0016961 -0.000980783  -0.00286963  -0.00390565 -8.14029e-05  -0.26829 -0.398699   -9.7979 6387
             2.09982  0.00152424 -0.00948751  -0.0164579 -0.00161618  0.00104545 0.000225124 -0.000468515  -0.00473757   0.00194277  0.00113121  -0.0018799 -0.00109206 -0.00134078 0.000353372 -0.00132265 -0.269827 -0.402952  -9.79665 0
             2.19966 -0.00975292  -0.0330868  -0.0353442 -0.00137474 0.000410142 0.000240839  0.00216692 -0.00665462 -0.00033346   0.00117882  -0.00162858 -0.000898691  -0.00202132  0.000607859 -0.000936677 -0.269147 -0.403207  -9.79704 6409
             2.20007 -0.0104535 -0.0138874 -0.0197802   -0.0016646   0.00134241 -5.07948e-05 0.000105856  0.00263016 -0.00388477  0.00126167 -0.00176582 -0.00102859  -0.00148284  -0.00172437 -0.000104707 -0.269681 -0.400877  -9.79788 0
             2.29992   -0.01906 -0.0343235 -0.0369786  -0.00124989   0.00159171 -0.000649703  0.00324412  0.00307798 -0.00618036   0.00130894  -0.00151102 -0.000859892 -0.00236839 -0.00159653 0.000297965 -0.268796 -0.401006  -9.79828 6404
