cam_model: Pinhole
cam_width: 1920
cam_height: 1536
cam_fx: 2052.596917996205
cam_fy: 2051.079911182952
cam_cx: 934.1643427174454
cam_cy: 780.2912775500538
cam_d0: -0.6022796132276925
cam_d1: 0.3775045434242827
cam_d2: -0.0008609754058312503
cam_d3: -0.001477855243227945
# cam_d4: -0.1483004029649336
